#sapi 1 = daging otot
all_data = [29.30, 219.78, 103.05, 119.17, 118.19,
            41.03, 222.22, 256.41, 147.99, 215.87,
            305.74, 278.39, 306.23, 333.09, 474.24]
all_data = [28.82, 196.34, 99.63, 107.94, 113.31,
            11.23, 206.10, 241.27, 151.89, 182.66,
            281.81, 265.69, 284.25, 310.62, 427.84]
all_data = [18.07, 215.38, 84.98, 124.05, 134.80,
            10.26, 209.52, 231.99, 161.17, 154.33,
            288.64, 255.92, 244.69, 304.27, 452.26]
#lemak
all_data = [78.63, 389.26, 232.97, 219.29, 323.32,
            127.96, 403.91, 381.44, 341.88, 272.04,
            459.58, 485.47, 214.90, 565.57, 464.96]
all_data = [68.86, 330.16, 218.31, 229.55, 317.46,
            103.54, 407.81, 392.67, 347.25, 243.22,
            444.44, 524.54, 271.55, 539.68, 427.35]
all_data = [78.14, 299.88, 235.41, 234.92, 347.74,
            110.38, 441.51, 345.79, 255.43, 298.90,
            448.35, 499.15, 268.62, 529.43, 409.28]

#lemak2

74.73, 387.79, 195.36, 316.97, 322.34, 
71.79, 395.12, 417.09, 393.65, 147.50, 
472.77, 481.56, 241.27, 547.50, 493.77

62.52, 342.86, 245.18, 482.05, 289.13, 
88.89, 433.70, 437.12, 323.81, 229.55, 
520.63, 503.05, 273.99, 558.24, 473.26

all_data = [74.24, 372.16, 239.80, 296.46, 347.25, 104.03, 354.58, 434.68, 343.83, 204.15, 473.75, 481.56, 223.20, 533.82, 456.17]

all_data = [66.91, 327.72, 250.06, 262.76, 358.97, 78.63, 418.56, 390.72, 459.10, 124.54, 547.99, 560.68, 179.73, 585.59, 509.40]

#lemak + daging

41.03, 332.60, 250.06, 320.88, 412.70, 
21.98, 390.23, 363.37, 344.32, 214.90, 
414.16, 523.57, 167.03, 542.61, 476.19

all_data = [41.03, 332.60, 250.06, 320.88, 412.70, 21.98, 390.23, 363.37, 344.32, 214.90, 414.16, 523.57, 167.03, 542.61, 476.19]

54.21, 331.62, 246.64, 308.18, 454.21, 
75.70, 422.47, 396.58, 312.58, 275.46, 
467.89, 528.94, 146.52, 610.01, 435.16

all_data = [54.21, 331.62, 246.64, 308.18, 454.21, 75.70, 422.47, 396.58, 312.58, 275.46, 467.89, 528.94, 146.52, 610.01, 435.16]

53.24, 438.58, 92.80, 385.35, 423.93, 
184.62, 522.10, 249.57, 299.39, 355.56, 
568.50, 388.77, 232.97, 626.62, 450.79

all_data = [53.24, 438.58, 92.80, 385.35, 423.93, 184.62, 522.10, 249.57, 299.39, 355.56, 568.50, 388.77, 232.97, 626.62, 450.79]

63.00, 442.98, 53.72, 409.28, 316.97, 
161.17, 544.57, 344.32, 231.50, 268.62, 
562.64, 516.24, 205.13, 549.94, 303.30

all_data = [63.00, 442.98, 53.72, 409.28, 316.97, 161.17, 544.57, 344.32, 231.50, 268.62, 562.64, 516.24, 205.13, 549.94, 303.30]

# Daging + lemak 2
all_data = [26.37, 215.38, 117.70, 194.38, 237.85, 57.63, 295.48, 263.25, 161.17, 320.39, 391.70, 281.81, 298.41, 493.77, 822.95]

all_data = [21.49, 213.43, 107.45, 146.03, 176.31, 54.70, 379.00, 264.71, 159.71, 329.18, 473.26, 330.16, 323.32, 501.59, 1054.94]

all_data = [31.75, 238.83, 90.84, 147.50, 184.62, 67.89, 407.33, 285.23, 150.43, 333.58, 483.03, 323.81, 340.42, 529.91, 1058.85]

# Ribeye 1 (marbling sedikit)
all_data = [55.19, 248.60, 112.82, 187.55, 280.34, 81.56, 426.86, 234.43, 149.94, 291.58, 468.38, 266.18, 277.41, 551.40, 1002.20]

all_data = [43.96, 227.11, 91.33, 166.54, 262.76, 104.03, 440.05, 222.22, 128.94, 372.16, 495.73, 322.83, 331.62, 599.27, 1006.10]

all_data = [119.17, 307.20, 159.22, 77.17, 237.36, 92.80, 461.05, 253.97, 117.22, 425.40, 518.68, 310.13, 507.45, 733.09, 1026.62]

all_data = [46.40, 422.95, 28.82, 139.68, 224.66, 94.26, 451.28, 239.32, 138.71, 400.00, 483.52, 414.65, 601.71, 589.99, 1033.94]

# Ribeye 2 (marbling sedikit)
all_data = [49.33, 246.64, 87.91, 203.17, 188.03, 76.68, 465.45, 280.83, 214.41, 286.20, 485.96, 370.21, 359.95, 545.05, 1123.81]

all_data = [55.68, 370.70, 102.08, 197.31, 190.48, 76.68, 456.17, 326.25, 214.41, 286.20, 485.96, 370.21, 359.95, 545.05, 1123.81]

all_data = [48.38, 397.06, 53.72, 175.57, 196.78, 103.05, 457.14, 250.55, 193.90, 327.70, 499.64, 341.40, 338.95, 619.78, 1166.79]

all_data = [50.43, 339.44, 81.24, 192.35, 191.84, 84.20, 459.60, 399.16, 208.20, 350.86, 543.09, 443.30, 536.59, 569.96, 1138.14]

# Ribeye marbling lemak
all_data = [94.75, 278.88, 42.49, 209.52, 234.43, 75.21, 464.47, 385.35, 156.78, 414.65, 534.31, 447.86, 566.54, 583.64, 1085.23]

all_data = [96.21, 358.49, 87.42, 135.78, 234.43, 82.54, 475.70, 387.79, 156.78, 487.42, 539.19, 429.30, 576.31, 703.30, 1087.18]

all_data = [71.31, 385.84, 73.26, 140.17, 233.94, 90.84, 473.26, 417.58, 162.64, 511.36, 555.31, 457.63, 530.40, 735.04, 1095.97]
